solid OpenSCAD_Model
  facet normal 0.212774 0.373921 -0.902724
    outer loop
      vertex -35.0165 8.83883 -8.83883
      vertex 18.0165 0 0
      vertex -35.0165 0 -12.5
    endloop
  endfacet
  facet normal 0.212774 0.902724 -0.373921
    outer loop
      vertex -35.0165 12.5 0
      vertex 18.0165 0 0
      vertex -35.0165 8.83883 -8.83883
    endloop
  endfacet
  facet normal 0.212774 0.902724 0.373921
    outer loop
      vertex -35.0165 8.83883 8.83883
      vertex 18.0165 0 0
      vertex -35.0165 12.5 0
    endloop
  endfacet
  facet normal 0.212774 0.373921 0.902724
    outer loop
      vertex -35.0165 0 12.5
      vertex 18.0165 0 0
      vertex -35.0165 8.83883 8.83883
    endloop
  endfacet
  facet normal 0.212774 -0.373921 0.902724
    outer loop
      vertex -35.0165 -8.83883 8.83883
      vertex 18.0165 0 0
      vertex -35.0165 0 12.5
    endloop
  endfacet
  facet normal 0.212774 -0.902724 0.373921
    outer loop
      vertex -35.0165 -12.5 0
      vertex 18.0165 0 0
      vertex -35.0165 -8.83883 8.83883
    endloop
  endfacet
  facet normal 0.212774 -0.902724 -0.373921
    outer loop
      vertex -35.0165 -8.83883 -8.83883
      vertex 18.0165 0 0
      vertex -35.0165 -12.5 0
    endloop
  endfacet
  facet normal 0.212774 -0.373921 -0.902724
    outer loop
      vertex -35.0165 0 -12.5
      vertex 18.0165 0 0
      vertex -35.0165 -8.83883 -8.83883
    endloop
  endfacet
  facet normal -1 0 0
    outer loop
      vertex -35.0165 8.83883 -8.83883
      vertex -35.0165 8.83883 8.83883
      vertex -35.0165 12.5 0
    endloop
  endfacet
  facet normal -1 0 0
    outer loop
      vertex -35.0165 0 -12.5
      vertex -35.0165 8.83883 8.83883
      vertex -35.0165 8.83883 -8.83883
    endloop
  endfacet
  facet normal -1 0 0
    outer loop
      vertex -35.0165 0 -12.5
      vertex -35.0165 0 12.5
      vertex -35.0165 8.83883 8.83883
    endloop
  endfacet
  facet normal -1 0 0
    outer loop
      vertex -35.0165 -8.83883 -8.83883
      vertex -35.0165 0 12.5
      vertex -35.0165 0 -12.5
    endloop
  endfacet
  facet normal -1 0 0
    outer loop
      vertex -35.0165 -8.83883 -8.83883
      vertex -35.0165 -8.83883 8.83883
      vertex -35.0165 0 12.5
    endloop
  endfacet
  facet normal -1 0 -0
    outer loop
      vertex -35.0165 -8.83883 8.83883
      vertex -35.0165 -8.83883 -8.83883
      vertex -35.0165 -12.5 0
    endloop
  endfacet
endsolid OpenSCAD_Model
